630
789
251
439
777
836
761
874
119
528
199
403
145
850
483
500
175
246
659
880
288
580
609
697
21
121
605
238
309
59
689
226
268
214
210
75
290
240
766
837
78
762
395
466
303
73
829
43
821
6
867
3
700
404
108
400
446
559
484
555
11
138
501
19
289
126
122
902
606
239
460
531
164
235
648
160
523
227
152
223
269
60
215
624
662
203
291
63
241
650
763
2
304
36
826
751
701
109
39
856
489
781
852
485
189
481
82
802
139
431
135
127
123
607
55
165
649
111
524
228
224
58
191
512
141
212
4
663
1
242
284
29
827
72
406
740
853
486
599
432
420
904
48
166
96
13
91
112
525
229
521
567
638
100
16
94
142
213
64
180
293
130
201
614
247
243
67
581
690
719
302
640
273
757
753
799
336
449
445
30
437
86
129
905
830
167
84
159
564
197
101
147
218
143
181
665
298
619
131
202
248
657
728
653
286
399
603
236
691
641
20
754
9
796
220
337
262
76
742
784
71
730
79
44
118
823
452
865
95
565
198
106
102
811
148
219
511
144
553
186
257
299
207
249
10
658
729
287
120
237
18
646
279
717
61
225
221
